00
00
00
00
00
00
00
00
00
00
00
00
00
00
00
00
00
00
00
00
C0
00
C0
00
C0
00
C0
00
C0
00
00
00
C0
00
00
00
00
00
00
00
CC
00
CC
00
CC
00
00
00
00
00
00
00
00
00
00
00
00
00
00
00
66
00
66
00
FF
00
66
00
FF
00
66
00
66
00
00
00
00
00
00
00
18
00
7E
00
D8
00
3C
00
1B
00
7E
00
18
00
00
00
00
00
00
00
63
00
F6
00
6C
00
18
00
36
00
6F
00
C6
00
00
00
00
00
00
00
7C
00
C6
00
C6
00
78
00
CF
00
C6
00
7F
00
00
00
00
00
00
00
70
00
60
00
C0
00
00
00
00
00
00
00
00
00
00
00
00
00
00
00
30
00
60
00
C0
00
C0
00
C0
00
60
00
30
00
00
00
00
00
00
00
C0
00
60
00
30
00
30
00
30
00
60
00
C0
00
00
00
00
00
00
00
00
00
66
00
3C
00
FF
00
3C
00
66
00
00
00
00
00
00
00
00
00
00
00
18
00
18
00
FF
00
18
00
18
00
00
00
00
00
00
00
00
00
00
00
00
00
00
00
00
00
00
00
70
00
60
00
C0
00
00
00
00
00
00
00
00
00
00
00
FF
00
00
00
00
00
00
00
00
00
00
00
00
00
00
00
00
00
00
00
00
00
C0
00
C0
00
00
00
00
00
00
00
00
00
03
00
06
00
0C
00
18
00
30
00
60
00
C0
00
00
00
00
00
00
00
3C
00
C3
00
C7
00
DB
00
E3
00
C3
00
3C
00
00
00
00
00
00
00
30
00
70
00
F0
00
30
00
30
00
30
00
FC
00
00
00
00
00
00
00
7C
00
C6
00
06
00
38
00
60
00
C0
00
FE
00
00
00
00
00
00
00
FF
00
06
00
0C
00
1E
00
03
00
C3
00
7E
00
00
00
00
00
00
00
0E
00
1E
00
36
00
66
00
FF
00
06
00
06
00
00
00
00
00
00
00
FF
00
60
00
FE
00
C3
00
03
00
C3
00
7E
00
00
00
00
00
00
00
7E
00
C0
00
C0
00
DE
00
C3
00
C3
00
7E
00
00
00
00
00
00
00
FF
00
03
00
66
00
1C
00
1B
00
30
00
30
00
00
00
00
00
00
00
3C
00
C3
00
C3
00
7F
00
C3
00
C3
00
3C
00
00
00
00
00
00
00
7E
00
C3
00
C3
00
7B
00
03
00
03
00
7E
00
00
00
00
00
00
00
00
00
C0
00
C0
00
00
00
00
00
C0
00
C0
00
00
00
00
00
00
00
00
00
00
00
60
00
60
00
00
00
70
00
60
00
C0
00
00
00
00
00
03
00
0C
00
30
00
C0
00
30
00
0C
00
03
00
00
00
00
00
00
00
00
00
00
00
FF
00
00
00
FF
00
00
00
00
00
00
00
00
00
00
00
C0
00
30
00
0C
00
03
00
0C
00
30
00
C0
00
00
00
00
00
00
00
7E
00
C3
00
1E
00
18
00
18
00
00
00
18
00
00
00
00
00
00
00
7E
00
C3
00
DF
00
F7
00
DF
00
C0
00
7E
00
00
00
00
00
00
00
18
00
3C
00
66
00
C3
00
FF
00
C3
00
C3
00
00
00
00
00
00
00
FE
00
63
00
63
00
7E
00
63
00
63
00
FE
00
00
00
00
00
00
00
3E
00
60
00
C0
00
C0
00
C0
00
60
00
3E
00
00
00
00
00
00
00
FC
00
66
00
63
00
63
00
63
00
66
00
FC
00
00
00
00
00
00
00
FC
00
C0
00
C0
00
F0
00
C0
00
C0
00
FC
00
00
00
00
00
00
00
FC
00
C0
00
C0
00
F0
00
C0
00
C0
00
C0
00
00
00
00
00
00
00
3E
00
63
00
C0
00
C7
00
C3
00
63
00
3E
00
00
00
00
00
00
00
C3
00
C3
00
C3
00
FF
00
C3
00
C3
00
C3
00
00
00
00
00
00
00
F0
00
60
00
60
00
60
00
60
00
60
00
F0
00
00
00
00
00
00
00
1E
00
0C
00
0C
00
0C
00
0C
00
CC
00
78
00
00
00
00
00
00
00
C3
00
C6
00
CC
00
F8
00
CC
00
C6
00
C3
00
00
00
00
00
00
00
C0
00
C0
00
C0
00
C0
00
C0
00
C0
00
FC
00
00
00
00
00
00
00
C3
00
E7
00
FF
00
DB
00
C3
00
C3
00
C3
00
00
00
00
00
00
00
C3
00
E3
00
F3
00
DB
00
CF
00
C7
00
C3
00
00
00
00
00
00
00
7E
00
C3
00
C3
00
C3
00
C3
00
C3
00
7E
00
00
00
00
00
00
00
FE
00
C3
00
C3
00
FE
00
C0
00
C0
00
C0
00
00
00
00
00
00
00
7C
00
C3
00
C3
00
C3
00
CF
00
C3
00
7F
00
00
00
00
00
00
00
FE
00
C3
00
C3
00
FE
00
CC
00
C6
00
C3
00
00
00
00
00
00
00
7C
00
C3
00
C0
00
7E
00
03
00
C3
00
7C
00
00
00
00
00
00
00
FF
00
18
00
18
00
18
00
18
00
18
00
18
00
00
00
00
00
00
00
C3
00
C3
00
C3
00
C3
00
C3
00
C3
00
7E
00
00
00
00
00
00
00
C3
00
C3
00
C3
00
C3
00
C3
00
66
00
18
00
00
00
00
00
00
00
C3
00
C3
00
C3
00
DB
00
DB
00
7E
00
66
00
00
00
00
00
00
00
C3
00
66
00
3C
00
18
00
3C
00
66
00
C3
00
00
00
00
00
00
00
C3
00
66
00
3C
00
18
00
18
00
18
00
18
00
00
00
00
00
00
00
FF
00
06
00
0C
00
18
00
30
00
60
00
FF
00
00
00
00
00
00
00
F8
00
C0
00
C0
00
C0
00
C0
00
C0
00
F8
00
00
00
00
00
00
00
C0
00
60
00
30
00
18
00
0C
00
06
00
03
00
00
00
00
00
00
00
F8
00
18
00
18
00
18
00
18
00
18
00
F8
00
00
00
00
00
00
00
18
00
3C
00
66
00
C3
00
00
00
00
00
00
00
00
00
00
00
00
00
00
00
00
00
00
00
00
00
00
00
00
00
FF
00
00
00
00
00
00
00
E0
00
60
00
30
00
00
00
00
00
00
00
00
00
00
00
00
00
00
00
00
00
00
00
7E
00
03
00
7F
00
C3
00
7F
00
00
00
00
00
00
00
C0
00
C0
00
FE
00
C3
00
C3
00
C3
00
FE
00
00
00
00
00
00
00
00
00
00
00
7E
00
C3
00
C0
00
C3
00
7E
00
00
00
00
00
00
00
03
00
03
00
7F
00
C3
00
C3
00
C3
00
7F
00
00
00
00
00
00
00
00
00
00
00
7E
00
C3
00
FF
00
C0
00
7E
00
00
00
00
00
00
00
1E
00
33
00
30
00
7C
00
30
00
30
00
30
00
00
00
00
00
00
00
00
00
00
00
7E
00
C3
00
C3
00
7F
00
03
00
C3
00
7E
00
00
00
C0
00
C0
00
FE
00
E7
00
C3
00
C3
00
C3
00
00
00
00
00
00
00
18
00
00
00
38
00
18
00
18
00
18
00
7E
00
00
00
00
00
00
00
03
00
00
00
07
00
03
00
03
00
03
00
C3
00
C3
00
7E
00
00
00
C0
00
C0
00
C3
00
CC
00
F0
00
CC
00
C3
00
00
00
00
00
00
00
38
00
18
00
18
00
18
00
18
00
18
00
3C
00
00
00
00
00
00
00
00
00
00
00
66
00
FF
00
DB
00
DB
00
C3
00
00
00
00
00
00
00
00
00
00
00
7E
00
C3
00
C3
00
C3
00
C3
00
00
00
00
00
00
00
00
00
00
00
7E
00
C3
00
C3
00
C3
00
7E
00
00
00
00
00
00
00
00
00
00
00
FE
00
C3
00
C3
00
FE
00
C0
00
C0
00
C0
00
00
00
00
00
00
00
7F
00
C3
00
C3
00
7F
00
03
00
03
00
03
00
00
00
00
00
00
00
3E
00
63
00
60
00
60
00
60
00
60
00
60
00
00
00
00
00
00
00
7E
00
C0
00
7E
00
03
00
7E
00
00
00
00
00
00
00
30
00
30
00
FC
00
30
00
30
00
33
00
1E
00
00
00
00
00
00
00
00
00
00
00
C3
00
C3
00
C3
00
C3
00
7E
00
00
00
00
00
00
00
00
00
00
00
C3
00
C3
00
C3
00
66
00
3C
00
00
00
00
00
00
00
00
00
00
00
C3
00
C3
00
DB
00
FF
00
66
00
00
00
00
00
00
00
00
00
00
00
C3
00
66
00
3C
00
66
00
C3
00
00
00
00
00
00
00
00
00
00
00
C3
00
C3
00
C3
00
C3
00
7F
00
03
00
C3
00
7E
00
00
00
00
00
FF
00
0E
00
30
00
C0
00
1C
00
03
00
C3
00
7E
00
1C
00
60
00
30
00
C0
00
30
00
60
00
1C
00
00
00
00
00
00
00
E0
00
18
00
30
00
0C
00
30
00
18
00
E0
00
00
00
00
00
00
00
C0
00
C0
00
C0
00
C0
00
C0
00
C0
00
C0
00
00
00
00
00
00
00
73
00
DB
00
CE
00
00
00
00
00
00
00
00
00
00
00
00
00
00
00

